   1.000000       -0.3947331    
   1.050000       -0.4235392    
   1.100000       -0.4430309    
   1.150000       -0.4874667    
   1.200000       -0.5019948    
   1.250000       -0.5539497    
   1.300000       -0.5626097    
   1.350000       -0.5923651    
   1.400000       -0.6007705    
   1.450000       -0.6174729    
   1.500000       -0.6637980    
   1.550000       -0.6713703    
   1.600000       -0.7177389    
   1.650000       -0.6833988    
   1.700000       -0.7213882    
   1.750000       -0.7989579    
   1.800000       -0.8295372    
   1.850000       -0.8539700    
   1.900000       -0.8104488    
   1.950000       -0.8915185    
   2.000000       -0.8775086    
   2.050000       -0.9541165    
   2.100000       -0.9649708    
   2.150000       -0.9791474    
   2.200000        -1.028141    
   2.250000        -1.001298    
   2.300000       -0.9962867    
   2.350000        -1.085728    
   2.400000        -1.106934    
   2.450000        -1.163543    
   2.500000        -1.150305    
   2.550000        -1.180545    
   2.600000        -1.232773    
   2.650000        -1.277970    
   2.700000        -1.289651    
   2.750000        -1.259204    
   2.800000        -1.338064    
   2.850000        -1.387415    
   2.900000        -1.358131    
   2.950000        -1.344501    
   3.000000        -1.400059    
   3.050000        -1.376549    
   3.100000        -1.475817    
   3.150000        -1.490607    
   3.200000        -1.498501    
   3.250000        -1.502962    
   3.300000        -1.564605    
   3.350000        -1.600352    
   3.400000        -1.576609    
   3.450000        -1.669932    
   3.500000        -1.667736    
   3.550000        -1.681262    
   3.600000        -1.718077    
   3.650000        -1.695342    
   3.700000        -1.770638    
   3.750000        -1.778314    
   3.800000        -1.799321    
   3.850000        -1.844221    
   3.900000        -1.903644    
   3.950000        -1.898418    
   4.000000        -1.910960    
   4.050000        -1.914380    
   4.100000        -2.019155    
   4.150000        -1.966245    
   4.200000        -2.022788    
   4.250000        -2.074861    
   4.300000        -2.119490    
   4.350000        -2.057591    
   4.400000        -2.040089    
   4.450000        -2.157067    
   4.500000        -2.187904    
   4.550000        -2.197019    
   4.600000        -2.227722    
   4.650000        -2.267629    
   4.700000        -2.291853    
   4.750000        -2.270608    
   4.800000        -2.278903    
   4.850000        -2.317553    
   4.900000        -2.363658    
   4.950000        -2.416776    
   5.000000        -2.395921    
   5.050000        -2.363328    
   5.100000        -2.516572    
   5.150000        -2.441381    
   5.200000        -2.538085    
   5.250000        -2.520944    
   5.300000        -2.580769    
   5.350000        -2.600768    
   5.400000        -2.617526    
   5.450000        -2.673692    
   5.500000        -2.645227    
   5.550000        -2.742773    
   5.600000        -2.693889    
   5.650000        -2.746090    
   5.700000        -2.753289    
   5.750000        -2.871102    
   5.800000        -2.850973    
   5.850000        -2.841756    
   5.900000        -2.839635    
   5.950000        -2.869670    
   6.000000        -2.970389    
