   1.000000       -0.4309680    
   1.025000       -0.4309680    
   1.050000       -0.4684493    
   1.075000       -0.4684493    
   1.100000       -0.4478185    
   1.125000       -0.4521306    
   1.150000       -0.4631606    
   1.175000       -0.4631606    
   1.200000       -0.5045663    
   1.225000       -0.5671707    
   1.250000       -0.5654079    
   1.275000       -0.5551664    
   1.300000       -0.5528419    
   1.325000       -0.5510221    
   1.350000       -0.5596649    
   1.375000       -0.5783620    
   1.400000       -0.5886484    
   1.425000       -0.6189703    
   1.450000       -0.6201093    
   1.475000       -0.6692508    
   1.500000       -0.7050942    
   1.525000       -0.6827054    
   1.550000       -0.7080969    
   1.575000       -0.6683087    
   1.600000       -0.7327191    
   1.625000       -0.7775151    
   1.650000       -0.7416232    
   1.675000       -0.7480979    
   1.700000       -0.8073683    
   1.725000       -0.7823294    
   1.750000       -0.8370491    
   1.775000       -0.7724770    
   1.800000       -0.7751165    
   1.825000       -0.8167397    
   1.850000       -0.8643709    
   1.875000       -0.8529603    
   1.900000       -0.8999853    
   1.925000       -0.9266534    
   1.950000       -0.8468379    
   1.975000       -0.8908733    
   2.000000       -0.9188217    
   2.025000       -0.9345934    
   2.050000       -0.8870530    
   2.075000       -0.9270821    
   2.100000       -0.9381739    
   2.125000       -0.9831823    
   2.150000       -0.9906539    
   2.175000       -0.9922033    
   2.200000        -1.115078    
   2.225000        -1.038462    
   2.250000        -1.034517    
   2.275000        -1.069752    
   2.300000        -1.028098    
   2.325000        -1.091257    
   2.350000        -1.096755    
   2.375000        -1.074120    
   2.400000        -1.153045    
   2.425000        -1.128453    
   2.450000        -1.203633    
   2.475000        -1.185360    
   2.500000        -1.182767    
   2.525000        -1.152363    
   2.550000        -1.211806    
   2.575000        -1.200273    
   2.600000        -1.281711    
   2.625000        -1.219166    
   2.650000        -1.186043    
   2.675000        -1.247395    
   2.700000        -1.278298    
   2.725000        -1.278266    
   2.750000        -1.292859    
   2.775000        -1.353744    
   2.800000        -1.297572    
   2.825000        -1.326449    
   2.850000        -1.356512    
   2.875000        -1.372850    
   2.900000        -1.330736    
   2.925000        -1.432269    
   2.950000        -1.401995    
   2.975000        -1.390550    
   3.000000        -1.410802    
   3.025000        -1.414203    
   3.050000        -1.458476    
   3.075000        -1.475725    
   3.100000        -1.451467    
   3.125000        -1.517061    
   3.150000        -1.500069    
   3.175000        -1.518566    
   3.200000        -1.508699    
   3.225000        -1.465550    
   3.250000        -1.512822    
   3.275000        -1.572762    
   3.300000        -1.582508    
   3.325000        -1.571326    
   3.350000        -1.592415    
   3.375000        -1.622726    
   3.400000        -1.609427    
   3.425000        -1.640930    
   3.450000        -1.663202    
   3.475000        -1.658559    
   3.500000        -1.609758    
   3.525000        -1.688848    
   3.550000        -1.690728    
   3.575000        -1.644811    
   3.600000        -1.687958    
   3.625000        -1.748832    
   3.650000        -1.735488    
   3.675000        -1.802251    
   3.700000        -1.755273    
   3.725000        -1.817379    
   3.750000        -1.750196    
   3.775000        -1.812002    
   3.800000        -1.819479    
   3.825000        -1.874387    
   3.850000        -1.837478    
   3.875000        -1.846029    
   3.900000        -1.799334    
   3.925000        -1.888563    
   3.950000        -1.892693    
   3.975000        -1.893055    
   4.000000        -1.874302    
   4.025000        -1.950478    
   4.050000        -1.929234    
   4.075000        -1.961821    
   4.100000        -1.919508    
   4.125000        -1.990548    
   4.150000        -1.959376    
   4.175000        -2.013029    
   4.200000        -2.076577    
   4.225000        -2.070958    
   4.250000        -1.986940    
   4.275000        -2.033355    
   4.300000        -2.121603    
   4.325000        -2.065582    
   4.350000        -2.155970    
   4.375000        -2.089927    
   4.400000        -2.160086    
   4.425000        -2.077184    
   4.450000        -2.138695    
   4.475000        -2.209874    
   4.500000        -2.190586    
   4.525000        -2.230082    
   4.550000        -2.195653    
   4.575000        -2.269137    
   4.600000        -2.236791    
   4.625000        -2.263437    
   4.650000        -2.284328    
   4.675000        -2.346772    
   4.700000        -2.280347    
   4.725000        -2.308630    
   4.750000        -2.344560    
   4.775000        -2.279240    
   4.800000        -2.291774    
   4.825000        -2.365748    
   4.850000        -2.361804    
   4.875000        -2.393092    
   4.900000        -2.364073    
   4.925000        -2.408797    
   4.950000        -2.406726    
   4.975000        -2.336874    
   5.000000        -2.467328    
   5.025000        -2.476137    
   5.050000        -2.428015    
   5.075000        -2.402236    
   5.100000        -2.476208    
   5.125000        -2.478853    
   5.150000        -2.503790    
   5.175000        -2.572300    
   5.200000        -2.514965    
   5.225000        -2.508685    
   5.250000        -2.568656    
   5.275000        -2.503290    
   5.300000        -2.542265    
   5.325000        -2.530057    
   5.350000        -2.577683    
   5.375000        -2.544163    
   5.400000        -2.557554    
   5.425000        -2.678346    
   5.450000        -2.686533    
   5.475000        -2.656520    
   5.500000        -2.689942    
   5.525000        -2.631237    
   5.550000        -2.714218    
   5.575000        -2.651566    
   5.600000        -2.720601    
   5.625000        -2.775086    
   5.650000        -2.756424    
   5.675000        -2.755764    
   5.700000        -2.745906    
   5.725000        -2.806979    
   5.750000        -2.780904    
   5.775000        -2.756789    
   5.800000        -2.781125    
   5.825000        -2.897017    
   5.850000        -2.825266    
   5.875000        -2.842761    
   5.900000        -2.830014    
   5.925000        -2.872342    
   5.950000        -2.881133    
   5.975000        -2.964803    
   6.000000        -2.941929    
